wavelength[um] flux[W/m2/um]
9.07346368e-01 3.15490922e-15
9.19416606e-01 3.68637334e-15
9.31809068e-01 4.00711352e-15
9.44516301e-01 4.82252160e-15
9.57554698e-01 5.47879421e-15
9.70915139e-01 6.34094304e-15
9.84607875e-01 7.14851940e-15
9.98636425e-01 7.49760695e-15
1.01299632e+00 8.46227594e-15
1.02768850e+00 9.69943878e-15
1.04271197e+00 1.09219846e-14
1.05806446e+00 1.20349860e-14
1.07374191e+00 1.24528893e-14
1.08973861e+00 1.21492619e-14
1.10605323e+00 1.02300145e-14
1.12267518e+00 8.83537066e-15
1.13959289e+00 8.58786260e-15
1.15680337e+00 8.94022598e-15
1.17429018e+00 8.92819239e-15
1.19204593e+00 1.09965969e-14
1.21005309e+00 1.33084574e-14
1.22830546e+00 1.51690018e-14
1.24678290e+00 1.55995258e-14
1.26547158e+00 1.68404547e-14
1.28435922e+00 1.71832425e-14
1.30342889e+00 1.62133349e-14
1.32266414e+00 1.33440180e-14
1.34204972e+00 6.20437722e-15
1.36157012e+00 3.08493205e-15
1.38120997e+00 2.87475474e-15
1.40095389e+00 2.74729685e-15
1.42078710e+00 2.61178673e-15
1.44069517e+00 3.03867400e-15
1.46066415e+00 3.98495278e-15
1.48068058e+00 4.80822458e-15
1.50073171e+00 5.67564089e-15
1.52080536e+00 7.14150043e-15
1.54089010e+00 9.01337724e-15
1.62113380e+00 1.07826436e-14
1.64112532e+00 1.01713420e-14
1.66107309e+00 9.96067051e-15
1.68097019e+00 9.49635459e-15
1.70081043e+00 8.95425210e-15
1.72058809e+00 8.04427692e-15
1.74029768e+00 6.78650881e-15
1.75993502e+00 5.53983973e-15
1.77949500e+00 4.43788388e-15
1.79897463e+00 3.58175208e-15
1.81837010e+00 3.13879508e-15
1.83767867e+00 3.00217192e-15
1.85689795e+00 2.64459602e-15
1.87602544e+00 2.71995648e-15
1.89505923e+00 3.27016101e-15
1.91399646e+00 3.34154119e-15
1.93283689e+00 3.04307655e-15
1.95157981e+00 2.82015598e-15
1.97022402e+00 3.00686551e-15
1.98876667e+00 3.30354105e-15
2.00720954e+00 3.67785514e-15
2.02555203e+00 4.27405039e-15
2.04379225e+00 4.70792375e-15
2.06193161e+00 4.90503960e-15
2.07997012e+00 5.27318202e-15
2.09790611e+00 5.44810722e-15
2.11574244e+00 5.45632006e-15
2.13347673e+00 5.28122897e-15
2.15111160e+00 5.08911964e-15
2.16864586e+00 4.84347297e-15
2.18608141e+00 4.30356540e-15
2.20341754e+00 3.70246290e-15
2.22065663e+00 3.33530569e-15
2.23779678e+00 3.11524200e-15
2.25484157e+00 2.80890595e-15
2.27178907e+00 2.61563427e-15
2.28864217e+00 2.34346879e-15
2.30540156e+00 2.07213226e-15
2.32206583e+00 1.92530411e-15
2.33863831e+00 1.76003151e-15
2.35511994e+00 1.81304283e-15
2.37150908e+00 1.83320562e-15
2.38780880e+00 1.80555331e-15
2.40401983e+00 1.97048144e-15
2.42014337e+00 2.08777518e-15
2.43617821e+00 2.06913800e-15
2.45212698e+00 2.05296148e-15
2.46799088e+00 1.96417404e-15
2.48377061e+00 1.87396339e-15
2.49946690e+00 1.73877598e-15
2.51508069e+00 1.54649062e-15
2.53061223e+00 1.39175147e-15
2.54606295e+00 1.29629214e-15
2.56143379e+00 1.23496904e-15
2.57672596e+00 1.24048224e-15
2.59194016e+00 1.22170531e-15
2.60707712e+00 1.31213642e-15
2.62213802e+00 1.46710323e-15
2.63712335e+00 1.59241777e-15
2.65203428e+00 1.65115888e-15
2.66687155e+00 1.38865963e-15
2.68163586e+00 1.06408894e-15
2.69632840e+00 1.07959143e-15
2.71094990e+00 1.13616002e-15
2.72550106e+00 1.20924220e-15
2.73998237e+00 1.30864585e-15
2.75439453e+00 1.34098982e-15
2.76873875e+00 1.23638529e-15
2.78301597e+00 1.23570419e-15
2.79722691e+00 1.29112590e-15
2.81137228e+00 1.25590394e-15
2.82545328e+00 1.34314863e-15
2.83946896e+00 1.35962890e-15
2.85342121e+00 1.36358563e-15
2.86731100e+00 1.43278895e-15
2.88113904e+00 1.50241347e-15
2.89490581e+00 1.54401274e-15
2.90861082e+00 1.60788039e-15
2.92225623e+00 1.67609902e-15
2.93584323e+00 1.76593881e-15
2.94937038e+00 1.71094054e-15
2.96283960e+00 1.79114629e-15
2.97625184e+00 1.88120952e-15
2.98960733e+00 1.95127798e-15
3.00290561e+00 1.92888713e-15
3.01614952e+00 1.94336239e-15
3.02933788e+00 2.02469599e-15
3.04247141e+00 2.02269851e-15
3.05555224e+00 1.92006425e-15
3.06857824e+00 1.87289309e-15
3.08155251e+00 1.76813329e-15
3.09447479e+00 1.60260993e-15
3.10734463e+00 1.52197197e-15
3.12016463e+00 1.40035648e-15
3.13293242e+00 1.24821071e-15
3.14565182e+00 1.10770181e-15
3.15832019e+00 1.00932487e-15
3.17094064e+00 9.32723710e-16
3.18351173e+00 8.82006394e-16
3.19603562e+00 8.30018508e-16
3.20851088e+00 8.07238855e-16
3.22094035e+00 8.33968119e-16
3.23332167e+00 8.59934556e-16
3.24565840e+00 9.37468774e-16
3.25794840e+00 1.03377602e-15
3.27019429e+00 1.11247394e-15
3.28239369e+00 1.24208364e-15
3.29454994e+00 1.28612210e-15
3.30666113e+00 1.14889262e-15
3.31872988e+00 6.58780855e-16
3.33075571e+00 4.20979420e-16
3.34195757e+00 4.87893129e-16
3.35390043e+00 6.71291727e-16
3.36580205e+00 8.65523919e-16
3.37766123e+00 9.67240697e-16
3.38947988e+00 9.95588663e-16
3.40125728e+00 1.00539792e-15
3.41299391e+00 9.69696268e-16
3.42469144e+00 9.71772401e-16
3.43634868e+00 9.62629107e-16
3.44796681e+00 9.78893664e-16
3.45954633e+00 9.73390532e-16
3.47108698e+00 9.82600654e-16
3.48258901e+00 9.88833027e-16
3.49405336e+00 1.01834253e-15
3.50548029e+00 1.06475089e-15
3.51686931e+00 1.09922351e-15
3.52822185e+00 1.14031675e-15
3.53953862e+00 1.18249345e-15
3.55081797e+00 1.24386994e-15
3.56206131e+00 1.30376945e-15
3.57326937e+00 1.33988747e-15
3.58444262e+00 1.39913914e-15
3.59557986e+00 1.47019635e-15
3.60668254e+00 1.53394311e-15
3.61775064e+00 1.60376764e-15
3.62878489e+00 1.70325871e-15
3.63978529e+00 1.76041152e-15
3.65075183e+00 1.87071187e-15
3.66168523e+00 1.92295760e-15
3.67258501e+00 1.98484554e-15
3.68345213e+00 2.12483432e-15
3.69428706e+00 2.16140615e-15
3.70509005e+00 2.22377916e-15
3.71586037e+00 2.26784275e-15
3.72659922e+00 2.30630052e-15
3.73730588e+00 2.36734084e-15
3.74798155e+00 2.43364056e-15
3.75862694e+00 2.49248816e-15
3.76924133e+00 2.52730072e-15
3.77982473e+00 2.54918597e-15
3.79037809e+00 2.55479768e-15
3.80090189e+00 2.56646841e-15
3.81139493e+00 2.65810393e-15
3.82185864e+00 2.71484598e-15
3.83229303e+00 2.71471922e-15
3.84269834e+00 2.70712053e-15
3.85307455e+00 2.74151313e-15
3.86342287e+00 2.81197907e-15
3.87374187e+00 2.83525793e-15
3.88403273e+00 2.85800420e-15
3.89429593e+00 2.84966913e-15
3.90453100e+00 2.92664008e-15
3.91473842e+00 2.90606941e-15
3.92491841e+00 2.90703166e-15
3.93507075e+00 2.88251311e-15
3.94519663e+00 2.87025940e-15
3.95529509e+00 2.87811978e-15
3.96536708e+00 2.93373897e-15
3.97541285e+00 2.96925285e-15
3.98543215e+00 2.91897994e-15
3.99542499e+00 2.95901505e-15
4.00539207e+00 2.91129173e-15
4.01533365e+00 2.91091809e-15
4.02524948e+00 2.89489840e-15
4.03514004e+00 2.83969985e-15
4.04500580e+00 2.91524680e-15
4.05484581e+00 2.89667370e-15
4.06466150e+00 2.87958207e-15
4.07445192e+00 2.84009383e-15
4.08421803e+00 2.75924167e-15
4.09395981e+00 2.85196097e-15
4.10367775e+00 2.76654457e-15
4.11337137e+00 2.67473603e-15
4.12304115e+00 2.64268918e-15
4.13268709e+00 2.60745930e-15
4.14230967e+00 2.59174485e-15
4.15190887e+00 2.52102486e-15
4.16148520e+00 2.43931894e-15
4.17103815e+00 2.35876174e-15
4.18056822e+00 2.25035530e-15
4.19007540e+00 2.10898654e-15
4.19955969e+00 1.96777870e-15
4.20902157e+00 1.80585272e-15
4.21846104e+00 1.64472954e-15
4.22787857e+00 1.52907037e-15
4.23727369e+00 1.47624978e-15
4.24664736e+00 1.41619550e-15
4.25599957e+00 1.41280701e-15
4.26532936e+00 1.40902729e-15
4.27463818e+00 1.39128290e-15
4.28392506e+00 1.43292839e-15
4.29319048e+00 1.41350416e-15
4.30243540e+00 1.39269366e-15
4.31165934e+00 1.35314434e-15
4.32086277e+00 1.37436990e-15
4.33004475e+00 1.34815729e-15
4.33920622e+00 1.29877971e-15
4.34834719e+00 1.25815780e-15
4.35746813e+00 1.24422400e-15
4.36656904e+00 1.22815222e-15
4.37564993e+00 1.18477633e-15
4.38471031e+00 1.17173370e-15
4.39375067e+00 1.11265678e-15
4.40277147e+00 1.07108276e-15
4.41177273e+00 1.06911537e-15
4.42075491e+00 1.01113280e-15
4.42971706e+00 9.28223937e-16
4.43865967e+00 8.92567434e-16
4.44758368e+00 8.61155541e-16
4.45648861e+00 8.15773170e-16
4.46537495e+00 7.77309517e-16
4.47424173e+00 7.49589954e-16
4.48308992e+00 7.00061872e-16
4.49191952e+00 6.78757082e-16
4.50073099e+00 6.65066719e-16
4.50952339e+00 6.28442276e-16
4.51829767e+00 6.02479871e-16
4.52705383e+00 5.94832148e-16
4.53579235e+00 5.78779818e-16
4.54451227e+00 5.73821430e-16
4.55321407e+00 5.49166628e-16
4.56189871e+00 5.40202080e-16
4.57056570e+00 5.34345218e-16
4.57921457e+00 5.34648309e-16
4.58784580e+00 5.47569069e-16
4.59645987e+00 5.61711081e-16
4.60505724e+00 5.81100194e-16
4.61363602e+00 5.79822965e-16
4.62219858e+00 5.78768373e-16
4.63074446e+00 5.93640936e-16
4.63927269e+00 6.14117300e-16
4.64778376e+00 6.33860467e-16
4.65627909e+00 7.00305912e-16
4.66475725e+00 7.74293378e-16
4.67321825e+00 7.81840947e-16
4.68166304e+00 7.39224098e-16
4.69009209e+00 7.17537848e-16
4.69850397e+00 6.95883717e-16
4.70690012e+00 6.83770791e-16
4.71528006e+00 6.50096888e-16
4.72364330e+00 6.28047961e-16
4.73199129e+00 6.05379814e-16
4.74032307e+00 5.96485623e-16
4.74863863e+00 6.00637217e-16
4.75693893e+00 5.91848293e-16
4.76522398e+00 5.88668928e-16
4.77349234e+00 5.89979374e-16
4.78174591e+00 5.77765255e-16
4.78998423e+00 5.68916795e-16
4.79820633e+00 5.91284762e-16
4.80641365e+00 6.13843064e-16
4.81460619e+00 6.21677535e-16
4.82278252e+00 6.26436014e-16
4.83094501e+00 6.38596489e-16
4.83909178e+00 6.36015127e-16
4.84722376e+00 6.27856037e-16
4.85534096e+00 6.25884584e-16
4.86344337e+00 6.34263835e-16
4.87153101e+00 6.36078305e-16
4.87960434e+00 6.38050335e-16
4.88766241e+00 6.44838875e-16
4.89570713e+00 6.59783030e-16
4.90373659e+00 6.63062857e-16
4.91175175e+00 6.66782116e-16
4.91975307e+00 6.69776399e-16
4.92773962e+00 6.68302908e-16
4.93571281e+00 6.64114924e-16
4.94367123e+00 6.87125288e-16
4.95161581e+00 6.82351457e-16
4.95954657e+00 6.86083850e-16
4.96746349e+00 7.16490028e-16
4.97536659e+00 7.52080649e-16
4.98325586e+00 7.78598907e-16
4.99113178e+00 7.85855053e-16
4.99899340e+00 7.84706780e-16
5.00684214e+00 7.78225707e-16
5.01467705e+00 7.49665461e-16
5.02249861e+00 7.21085913e-16
5.03030682e+00 7.60207573e-16
5.03810167e+00 7.93858946e-16
5.04588366e+00 8.09330932e-16
5.05365181e+00 8.45444874e-16
5.06140709e+00 8.47655610e-16
5.06914949e+00 8.62441824e-16
5.07687855e+00 8.60878477e-16
5.08459520e+00 8.27043917e-16
5.09229803e+00 8.71203084e-16
5.09998894e+00 9.13319939e-16
